12,12,12,12,12,12,12,12,12,12,12,12,12,12,12,12,12,9,9,9,12,12,12,12,12,8,8,8,8,8,8,8,12,12,12,12,12,12,12,12,12,12,12,12,12,12,
12,12,12,12,12,12,12,12,12,12,12,12,12,12,12,12,12,9,9,9,12,12,12,12,12,8,8,8,8,8,8,8,8,12,12,12,12,12,12,12,12,12,12,12,12,12,
12,12,12,12,12,12,12,12,12,12,12,12,12,12,12,12,12,9,9,9,12,12,12,12,8,8,8,8,8,8,8,8,8,8,12,12,12,12,12,12,12,12,12,12,12,12,
12,12,12,12,12,12,12,12,12,12,12,12,12,12,12,12,12,9,9,9,12,12,12,12,8,8,8,8,8,8,8,8,8,8,8,12,12,12,12,12,12,12,12,12,12,12,
12,12,12,12,12,12,12,12,12,12,12,12,12,12,12,12,12,9,9,9,12,12,12,8,8,8,8,8,8,8,8,8,8,8,8,8,12,12,12,12,12,12,12,12,12,12,
12,12,12,12,12,12,12,12,12,12,12,12,12,12,12,12,9,9,9,9,12,12,12,8,8,8,8,8,8,8,8,8,8,8,8,8,8,12,12,12,12,12,12,12,12,12,
12,12,12,12,12,12,12,12,12,12,12,12,12,12,12,12,9,9,9,12,12,12,12,8,8,8,8,8,8,8,8,8,8,8,8,8,8,8,8,12,12,12,12,12,12,12,
12,12,12,12,8,8,12,12,12,12,12,12,9,9,9,9,9,9,12,12,12,12,12,8,8,8,8,8,8,8,8,8,8,8,8,8,8,8,8,8,8,8,12,12,12,12,
12,12,8,8,8,8,8,12,12,12,9,9,9,9,9,9,9,9,9,9,12,12,12,8,8,8,8,8,8,8,8,8,12,12,8,8,8,8,8,8,8,8,8,12,12,12,
12,8,8,8,8,8,8,12,12,9,9,9,9,9,9,9,12,12,12,12,12,12,12,8,8,8,8,8,8,8,12,12,12,12,12,8,8,8,8,8,8,8,8,8,12,12,
12,8,8,8,8,8,8,9,9,9,9,9,9,9,12,12,12,12,12,12,12,12,8,8,8,8,8,8,8,12,12,12,12,12,12,12,12,12,8,8,8,8,8,8,8,12,
12,8,8,8,8,8,11,11,11,11,11,11,8,8,8,12,12,12,12,12,12,8,8,8,8,8,8,8,8,12,12,12,12,12,12,12,12,12,8,8,8,8,8,8,8,12,
12,12,8,8,8,8,11,11,11,11,11,8,8,8,8,8,8,8,8,8,8,8,8,8,8,8,8,8,12,12,12,12,12,12,12,12,12,12,12,8,8,8,8,8,8,12,
12,12,12,12,12,9,9,9,9,9,8,8,8,8,8,8,8,8,12,12,8,8,8,8,8,8,8,8,12,12,12,12,12,12,12,12,12,12,12,8,8,8,8,8,8,12,
12,12,12,12,9,9,9,9,9,9,8,8,8,8,8,8,8,8,8,8,8,8,8,8,8,8,8,8,12,12,12,12,12,12,12,12,8,8,8,8,8,8,8,8,8,12,
12,12,9,9,9,9,9,9,8,8,8,8,8,8,8,8,8,8,8,8,8,12,8,12,8,8,8,8,12,12,12,12,8,8,8,8,8,8,8,8,8,8,8,8,8,12,
9,9,9,9,9,9,9,8,8,8,8,8,8,8,8,8,8,8,8,8,8,8,8,8,8,8,8,8,8,12,12,53,52,51,50,49,8,8,8,8,8,8,8,8,8,12,
9,9,9,9,9,9,8,8,8,8,8,8,8,8,8,8,8,8,8,8,8,8,8,8,8,8,8,8,8,8,8,44,45,46,47,48,8,8,8,8,8,8,8,8,8,12,
9,9,9,9,8,8,8,8,8,8,8,8,8,8,8,8,8,8,8,8,8,8,8,8,8,8,8,8,8,8,8,41,40,43,40,42,8,8,8,53,52,51,50,49,8,12,
8,8,8,8,8,8,8,8,8,8,8,8,8,8,8,8,8,8,8,8,8,8,8,8,8,8,8,8,8,8,8,18,18,18,18,18,18,8,8,44,45,46,47,48,8,8,
8,8,8,8,8,8,8,8,8,8,8,8,8,8,12,12,8,8,8,8,8,8,8,8,8,8,8,8,8,8,8,8,8,8,8,8,8,18,8,41,40,43,40,42,8,8,
8,8,8,8,8,8,8,8,8,8,8,8,8,8,12,12,8,8,8,8,8,8,8,8,8,8,8,8,8,8,8,8,8,8,8,8,8,8,18,18,18,18,18,18,18,8,
8,8,8,8,8,8,8,8,8,8,8,8,8,12,12,12,8,8,8,8,8,8,8,8,8,8,8,8,8,8,8,8,8,8,8,8,8,8,8,8,8,8,8,8,8,8,
8,8,8,8,8,8,8,8,8,8,8,8,8,12,12,12,8,8,8,8,8,8,8,8,8,8,8,8,8,8,8,8,8,8,8,8,8,8,8,8,8,8,8,8,8,8,
8,8,8,8,8,8,8,8,8,8,8,8,8,12,12,8,8,8,8,8,8,8,8,8,8,8,8,8,8,8,8,8,8,8,8,8,8,8,8,8,8,8,8,8,8,8,
8,8,8,8,8,8,8,8,8,8,8,8,8,8,8,8,8,8,8,8,8,8,8,8,8,8,8,8,8,8,8,8,8,8,8,8,8,8,8,8,8,8,8,8,8,8,
8,8,8,8,8,8,8,8,8,8,8,8,8,8,8,8,8,8,8,8,8,8,8,8,8,8,8,8,8,8,8,8,8,8,8,8,8,8,8,8,8,8,8,8,8,12,
12,8,8,8,8,8,12,8,8,8,8,8,8,8,8,8,8,8,8,8,8,8,8,8,8,8,8,8,8,8,8,8,8,8,8,8,8,8,8,8,8,8,8,8,8,12,
12,8,8,8,8,8,12,8,8,8,8,8,8,8,8,8,8,8,8,8,8,8,8,8,8,8,8,8,8,8,8,8,8,8,8,8,8,8,8,12,12,12,12,12,12,12,
12,12,8,8,8,12,12,8,8,8,8,8,8,8,8,8,8,8,8,8,8,8,8,8,8,8,8,8,8,8,8,8,8,8,8,8,8,8,12,12,12,12,12,12,12,12,
12,12,12,8,12,12,12,8,8,8,8,8,8,8,8,8,9,9,9,8,8,8,8,8,8,8,8,8,8,8,8,8,8,8,8,12,12,12,12,12,12,12,12,12,12,12,
12,12,12,12,12,12,12,8,8,8,8,8,8,8,9,9,9,9,9,9,9,8,8,8,8,8,8,8,8,8,8,8,8,8,8,12,12,12,12,12,12,12,12,12,12,12,
12,12,12,12,12,12,8,8,8,8,8,8,8,9,9,9,9,9,9,9,9,9,8,8,8,8,8,8,8,8,8,8,8,8,8,12,12,12,8,8,8,8,8,12,12,12,
12,12,12,12,12,12,8,8,8,8,8,8,9,9,9,9,9,9,9,9,9,9,9,12,8,8,8,8,8,8,8,8,8,8,8,8,8,8,8,8,8,8,8,8,12,12,
12,12,12,8,8,8,8,8,8,8,8,9,9,9,9,9,9,9,9,9,9,9,9,12,12,8,8,8,8,8,8,8,8,8,8,8,8,8,8,8,8,8,8,8,8,12,
12,12,8,8,8,8,8,8,8,9,9,9,9,9,9,9,9,9,9,9,9,9,9,12,12,12,8,8,8,8,8,8,8,8,8,8,8,8,8,9,9,9,9,9,9,9,
12,12,8,8,8,8,9,9,9,9,9,9,9,9,9,9,9,9,9,9,9,9,9,12,12,12,12,8,8,8,8,8,8,8,8,8,8,9,9,9,9,9,9,9,9,9,
12,8,8,8,8,9,9,9,9,9,9,9,9,9,9,9,9,9,9,9,9,9,12,12,12,12,12,8,8,8,8,8,8,8,8,8,9,9,9,9,9,9,9,9,9,9,
12,8,8,8,8,9,9,9,9,9,9,9,9,9,9,9,9,9,9,9,9,12,12,12,12,12,12,8,8,8,8,8,8,8,8,9,9,9,9,9,9,12,12,12,12,12,
12,12,8,8,12,12,9,9,9,9,9,9,9,9,9,9,9,12,12,12,12,12,12,12,12,12,12,8,8,8,8,8,8,8,9,9,9,9,12,12,12,12,12,12,12,12,
12,12,8,12,12,12,9,9,9,9,9,9,9,9,9,9,12,12,12,12,12,12,12,12,12,12,12,8,8,8,8,8,8,9,9,9,9,12,12,12,12,12,12,12,12,12,
12,12,12,12,12,12,12,12,12,9,12,12,12,12,12,12,12,12,12,12,12,12,12,12,12,12,12,8,8,8,8,8,9,9,9,9,12,12,12,12,12,12,12,12,12,12,
12,12,12,12,12,12,12,12,12,12,12,12,12,12,12,12,12,12,12,12,12,12,12,12,12,12,12,8,8,8,8,9,9,9,9,12,12,12,12,12,12,12,12,12,12,12,
12,12,12,12,12,12,12,12,12,12,12,12,12,12,12,12,12,12,12,12,12,12,12,12,12,12,12,12,8,8,8,9,9,9,12,12,12,12,12,12,12,12,12,12,12,12,
12,12,12,12,12,12,12,12,12,12,12,12,12,12,12,12,12,12,12,12,12,12,12,12,12,12,12,12,12,12,12,12,9,12,12,12,12,12,12,12,12,12,12,12,12,12,
12,12,12,12,12,12,12,12,12,12,12,12,12,12,12,12,12,12,12,12,12,12,12,12,12,12,12,12,12,12,12,12,12,12,12,12,12,12,12,12,12,12,12,12,12,12,

